65617
67614
96100
52453
43649
33288
71435
74824
80
45774
42577
17052
98599
13735
4041
70845
27854
45696
20787
71643
61768
16632
38325
32513
20530
87323
5792
78399
74928
94135
53179
80208
38879
48656
59090
64797
93249
26220
31323
68423
5246
89840
73462
24601
6321
54536
96134
596
48341
8799
95401
47477
48026
78042
67307
44988
16933
8791
44443
65297
35251
65515
39494
48647
90424
11363
21294
13320
2963
35830
22300
14965
22941
63474
69207
29938
15982
13845
68596
41197
9971
56588
74275
67856
26037
1734
4268
31623
82210
51817
77847
62858
3037
79117
94066
53440
4563
24240
53567
71531
9844
37276
56818
37236
45742
52959
5884
23473
40400
70051
56322
93861
12037
30907
37551
9458
73336
82854
46030
51060
13418
50174
66791
80502
96236
80382
36449
71559
62163
43124
94750
30097
32076
24225
61679
94994
81337
43390
87792
43492
17582
7334
87664
47045
19105
1322
71506
82098
94824
82946
98698
28998
59678
17524
59344
12391
52696
81111
75555
32538
9845
10464
73675
67547
81662
57321
55946
36237
50750
50530
15858
5338
27171
95430
82438
80371
42997
58210
56129
24173
11403
54922
48051
9569
82297
62611
89447
23170
28941
6985
18586
61248
17149
72236
61561
92050
87883
77012
29835
16971
71577
48755
90793
55223
75109
51063
97381
57330
41975
5455
42052
47423
65117
74963
90431
48598
55814
80926
36545
16904
15221
67070
72681
36605
41339
37952
83642
38132
41794
76695
54114
17206
65390
66959
25617
95582
31886
86277
41552
52999
10376
89083
22134
88785
45328
14077
79939
40108
21
75144
3654
61123
60514
94580
91100
60827
38596
43199
91960
49479
4316
72865
25981
73407
42674
80727
56926
62399
45717
76219
21720
92117
47006
63568
80207
17693
791
89794
53784
62053
45246
15164
81708
30177
71133
629
6017
19440
38691
5495
24236
39189
46048
51385
14661
69875
7081
98533
29954
24295
38922
167
45323
24766
69040
64523
4079
65168
98334
10880
61071
80656
22267
9175
35714
23040
40503
2565
77389
80611
34890
30560
81826
32479
64642
94351
59960
72278
26969
59128
27999
47676
16256
97334
11143
68214
54897
36049
84296
67004
80219
90973
55996
5747
64078
7057
54251
38776
61231
68306
64042
10600
8590
20003
94768
76850
19831
38309
9796
35978
22320
25407
56868
5502
86139
22277
68618
66265
8117
51821
16439
90055
76167
41362
12748
66723
451
76030
63271
75130
48682
72067
99017
7233
54798
46205
97779
58268
8368
25242
46451
79230
58083
92077
35258
28531
53527
74725
71384
57060
98095
5563
91867
92655
92232
6879
65315
11534
63031
4458
12633
1464
59882
43401
93085
90871
38609
19069
26266
42419
39240
59118
24561
98623
92220
98649
28927
98094
41771
41474
26031
74586
60711
36048
93797
29135
96791
50414
88061
35677
34827
503
68513
88478
89889
31556
1153
98321
86088
55396
11470
1868
360
30157
57227
43216
64302
63268
98250
93913
48073
62485
11558
21479
73984
10402
39365
665
87545
32527
90517
92459
23793
43409
96553
53136
1953
30440
45207
82842
24887
16656
33186
11424
19356
6075
80954
58486
98115
73116
87484
90047
92653
64082
95691
69125
9304
84520
51834
1334
